
---------------------------------- 
xa=       ( 5.000000  7.000000) 
f=        690.000000 
gradient= ( 80.000000  200.000000) 
gnorm=     215.4065922854 
p=        ( 80.000000  200.000000) 
pg=       46400.000000 
dir=      1.000000 
stepc=    12.000000 

x1=       ( 0.543312 -4.141720) 
dx=       (-4.456688 -11.141720) 
fc=       7.86500202920265792272e+02 

x1=       ( 2.851852  1.629630) 
dx1=      (-2.148148 -5.370370) 
fb=       67.037037 
stepb=    5.784066 
gradient= ( 37.037037 -14.814815) 

--------------------------------------------- 
x1=       ( 4.005703  7.397719) 
dx1=      (-0.994297  0.397719) 
x2=       ( 2.851852  1.629630) 
dx=       (-2.148148 -5.370370) 
f =       67.037037 
step =    5.784066 

